{
 "cells": [
  {
   "cell_type": "code",
   "execution_count": 1,
   "id": "f3c1290c-2d6a-4a25-ad33-9457c2e9cf49",
   "metadata": {
    "tags": []
   },
   "outputs": [
    {
     "data": {
      "text/plain": [
       "\n",
       "Call:\n",
       "lm(formula = y ~ x1 + x2 + x3 + x4 + x5 + x6 + x7 + x8 + x9, \n",
       "    data = data3.1)\n",
       "\n",
       "Residuals:\n",
       "    Min      1Q  Median      3Q     Max \n",
       "-940.13 -195.24    3.42  239.00  476.06 \n",
       "\n",
       "Coefficients:\n",
       "              Estimate Std. Error t value Pr(>|t|)    \n",
       "(Intercept)  3.206e+02  3.952e+03   0.081 0.936097    \n",
       "x1           1.317e+00  1.062e-01  12.400 3.97e-11 ***\n",
       "x2           1.650e+00  3.008e-01   5.484 1.93e-05 ***\n",
       "x3           2.179e+00  5.199e-01   4.190 0.000412 ***\n",
       "x4          -5.609e-03  4.766e-01  -0.012 0.990720    \n",
       "x5           1.684e+00  2.142e-01   7.864 1.08e-07 ***\n",
       "x6           1.032e-02  1.343e-02   0.769 0.450665    \n",
       "x7           3.655e-03  1.070e-02   0.342 0.736006    \n",
       "x8          -1.913e+01  3.197e+01  -0.598 0.555983    \n",
       "x9           5.052e+01  1.502e+02   0.336 0.739986    \n",
       "---\n",
       "Signif. codes:  0 ‘***’ 0.001 ‘**’ 0.01 ‘*’ 0.05 ‘.’ 0.1 ‘ ’ 1\n",
       "\n",
       "Residual standard error: 389.4 on 21 degrees of freedom\n",
       "Multiple R-squared:  0.9923,\tAdjusted R-squared:  0.9889 \n",
       "F-statistic: 298.9 on 9 and 21 DF,  p-value: < 2.2e-16\n"
      ]
     },
     "metadata": {},
     "output_type": "display_data"
    }
   ],
   "source": [
    "data3.1<-read.csv(\"data3.1.csv\",head=TRUE) #读取数据并赋给data3.1\n",
    "lm3.1<-lm(y~x1+x2+x3+x4+x5+x6+x7+x8+x9,data=data3.1)   #建立回归方程\n",
    "summary(lm3.1) #输出回归结果及显著性检验结果"
   ]
  },
  {
   "cell_type": "code",
   "execution_count": 2,
   "id": "9f7758e5-4f05-4914-8b5e-1974bc172b68",
   "metadata": {
    "tags": []
   },
   "outputs": [
    {
     "data": {
      "text/html": [
       "<table class=\"dataframe\">\n",
       "<caption>A matrix: 10 × 10 of type dbl</caption>\n",
       "<thead>\n",
       "\t<tr><th></th><th scope=col></th><th scope=col>x1</th><th scope=col>x2</th><th scope=col>x3</th><th scope=col>x4</th><th scope=col>x5</th><th scope=col>x6</th><th scope=col>x7</th><th scope=col>x8</th><th scope=col>x9</th></tr>\n",
       "</thead>\n",
       "<tbody>\n",
       "\t<tr><th scope=row></th><td> 1.561468e+07</td><td>-9.338662e+01</td><td>-8.2278239763</td><td>-8.221867e+02</td><td>-6.215337e+01</td><td>45.4496244062</td><td>-1.566992e+01</td><td> 1.632529e+01</td><td>-1.206021e+05</td><td>-2.798345e+05</td></tr>\n",
       "\t<tr><th scope=row>x1</th><td>-9.338662e+01</td><td> 1.127366e-02</td><td> 0.0059456052</td><td>-3.578401e-04</td><td> 1.590534e-02</td><td>-0.0104899235</td><td>-1.504186e-04</td><td>-3.242408e-04</td><td> 3.537422e-01</td><td> 9.148873e-01</td></tr>\n",
       "\t<tr><th scope=row>x2</th><td>-8.227824e+00</td><td> 5.945605e-03</td><td> 0.0904941245</td><td> 5.762951e-02</td><td>-5.864187e-02</td><td>-0.0141571671</td><td>-4.020444e-04</td><td>-9.863141e-04</td><td>-8.554103e-01</td><td>-8.553507e+00</td></tr>\n",
       "\t<tr><th scope=row>x3</th><td>-8.221867e+02</td><td>-3.578401e-04</td><td> 0.0576295051</td><td> 2.703123e-01</td><td>-7.626069e-02</td><td>-0.0314981025</td><td> 2.135506e-03</td><td>-2.862423e-03</td><td> 4.111983e+00</td><td> 1.867254e+01</td></tr>\n",
       "\t<tr><th scope=row>x4</th><td>-6.215337e+01</td><td> 1.590534e-02</td><td>-0.0586418715</td><td>-7.626069e-02</td><td> 2.271176e-01</td><td>-0.0043473286</td><td> 9.052567e-04</td><td>-1.278552e-03</td><td>-5.359676e-01</td><td> 6.922141e+00</td></tr>\n",
       "\t<tr><th scope=row>x5</th><td> 4.544962e+01</td><td>-1.048992e-02</td><td>-0.0141571671</td><td>-3.149810e-02</td><td>-4.347329e-03</td><td> 0.0458706788</td><td>-4.953977e-04</td><td>-1.229872e-04</td><td> 2.492878e-01</td><td> 2.098288e+00</td></tr>\n",
       "\t<tr><th scope=row>x6</th><td>-1.566992e+01</td><td>-1.504186e-04</td><td>-0.0004020444</td><td> 2.135506e-03</td><td> 9.052567e-04</td><td>-0.0004953977</td><td> 1.802627e-04</td><td>-7.483498e-05</td><td> 5.434752e-02</td><td> 1.009583e+00</td></tr>\n",
       "\t<tr><th scope=row>x7</th><td> 1.632529e+01</td><td>-3.242408e-04</td><td>-0.0009863141</td><td>-2.862423e-03</td><td>-1.278552e-03</td><td>-0.0001229872</td><td>-7.483498e-05</td><td> 1.144150e-04</td><td>-6.404693e-02</td><td>-5.169591e-01</td></tr>\n",
       "\t<tr><th scope=row>x8</th><td>-1.206021e+05</td><td> 3.537422e-01</td><td>-0.8554102536</td><td> 4.111983e+00</td><td>-5.359676e-01</td><td> 0.2492877566</td><td> 5.434752e-02</td><td>-6.404693e-02</td><td> 1.022095e+03</td><td> 1.427330e+03</td></tr>\n",
       "\t<tr><th scope=row>x9</th><td>-2.798345e+05</td><td> 9.148873e-01</td><td>-8.5535071681</td><td> 1.867254e+01</td><td> 6.922141e+00</td><td> 2.0982880715</td><td> 1.009583e+00</td><td>-5.169591e-01</td><td> 1.427330e+03</td><td> 2.256353e+04</td></tr>\n",
       "</tbody>\n",
       "</table>\n"
      ],
      "text/latex": [
       "A matrix: 10 × 10 of type dbl\n",
       "\\begin{tabular}{r|llllllllll}\n",
       "  &  & x1 & x2 & x3 & x4 & x5 & x6 & x7 & x8 & x9\\\\\n",
       "\\hline\n",
       "\t &  1.561468e+07 & -9.338662e+01 & -8.2278239763 & -8.221867e+02 & -6.215337e+01 & 45.4496244062 & -1.566992e+01 &  1.632529e+01 & -1.206021e+05 & -2.798345e+05\\\\\n",
       "\tx1 & -9.338662e+01 &  1.127366e-02 &  0.0059456052 & -3.578401e-04 &  1.590534e-02 & -0.0104899235 & -1.504186e-04 & -3.242408e-04 &  3.537422e-01 &  9.148873e-01\\\\\n",
       "\tx2 & -8.227824e+00 &  5.945605e-03 &  0.0904941245 &  5.762951e-02 & -5.864187e-02 & -0.0141571671 & -4.020444e-04 & -9.863141e-04 & -8.554103e-01 & -8.553507e+00\\\\\n",
       "\tx3 & -8.221867e+02 & -3.578401e-04 &  0.0576295051 &  2.703123e-01 & -7.626069e-02 & -0.0314981025 &  2.135506e-03 & -2.862423e-03 &  4.111983e+00 &  1.867254e+01\\\\\n",
       "\tx4 & -6.215337e+01 &  1.590534e-02 & -0.0586418715 & -7.626069e-02 &  2.271176e-01 & -0.0043473286 &  9.052567e-04 & -1.278552e-03 & -5.359676e-01 &  6.922141e+00\\\\\n",
       "\tx5 &  4.544962e+01 & -1.048992e-02 & -0.0141571671 & -3.149810e-02 & -4.347329e-03 &  0.0458706788 & -4.953977e-04 & -1.229872e-04 &  2.492878e-01 &  2.098288e+00\\\\\n",
       "\tx6 & -1.566992e+01 & -1.504186e-04 & -0.0004020444 &  2.135506e-03 &  9.052567e-04 & -0.0004953977 &  1.802627e-04 & -7.483498e-05 &  5.434752e-02 &  1.009583e+00\\\\\n",
       "\tx7 &  1.632529e+01 & -3.242408e-04 & -0.0009863141 & -2.862423e-03 & -1.278552e-03 & -0.0001229872 & -7.483498e-05 &  1.144150e-04 & -6.404693e-02 & -5.169591e-01\\\\\n",
       "\tx8 & -1.206021e+05 &  3.537422e-01 & -0.8554102536 &  4.111983e+00 & -5.359676e-01 &  0.2492877566 &  5.434752e-02 & -6.404693e-02 &  1.022095e+03 &  1.427330e+03\\\\\n",
       "\tx9 & -2.798345e+05 &  9.148873e-01 & -8.5535071681 &  1.867254e+01 &  6.922141e+00 &  2.0982880715 &  1.009583e+00 & -5.169591e-01 &  1.427330e+03 &  2.256353e+04\\\\\n",
       "\\end{tabular}\n"
      ],
      "text/markdown": [
       "\n",
       "A matrix: 10 × 10 of type dbl\n",
       "\n",
       "| <!--/--> | <!----> | x1 | x2 | x3 | x4 | x5 | x6 | x7 | x8 | x9 |\n",
       "|---|---|---|---|---|---|---|---|---|---|---|\n",
       "| <!----> |  1.561468e+07 | -9.338662e+01 | -8.2278239763 | -8.221867e+02 | -6.215337e+01 | 45.4496244062 | -1.566992e+01 |  1.632529e+01 | -1.206021e+05 | -2.798345e+05 |\n",
       "| x1 | -9.338662e+01 |  1.127366e-02 |  0.0059456052 | -3.578401e-04 |  1.590534e-02 | -0.0104899235 | -1.504186e-04 | -3.242408e-04 |  3.537422e-01 |  9.148873e-01 |\n",
       "| x2 | -8.227824e+00 |  5.945605e-03 |  0.0904941245 |  5.762951e-02 | -5.864187e-02 | -0.0141571671 | -4.020444e-04 | -9.863141e-04 | -8.554103e-01 | -8.553507e+00 |\n",
       "| x3 | -8.221867e+02 | -3.578401e-04 |  0.0576295051 |  2.703123e-01 | -7.626069e-02 | -0.0314981025 |  2.135506e-03 | -2.862423e-03 |  4.111983e+00 |  1.867254e+01 |\n",
       "| x4 | -6.215337e+01 |  1.590534e-02 | -0.0586418715 | -7.626069e-02 |  2.271176e-01 | -0.0043473286 |  9.052567e-04 | -1.278552e-03 | -5.359676e-01 |  6.922141e+00 |\n",
       "| x5 |  4.544962e+01 | -1.048992e-02 | -0.0141571671 | -3.149810e-02 | -4.347329e-03 |  0.0458706788 | -4.953977e-04 | -1.229872e-04 |  2.492878e-01 |  2.098288e+00 |\n",
       "| x6 | -1.566992e+01 | -1.504186e-04 | -0.0004020444 |  2.135506e-03 |  9.052567e-04 | -0.0004953977 |  1.802627e-04 | -7.483498e-05 |  5.434752e-02 |  1.009583e+00 |\n",
       "| x7 |  1.632529e+01 | -3.242408e-04 | -0.0009863141 | -2.862423e-03 | -1.278552e-03 | -0.0001229872 | -7.483498e-05 |  1.144150e-04 | -6.404693e-02 | -5.169591e-01 |\n",
       "| x8 | -1.206021e+05 |  3.537422e-01 | -0.8554102536 |  4.111983e+00 | -5.359676e-01 |  0.2492877566 |  5.434752e-02 | -6.404693e-02 |  1.022095e+03 |  1.427330e+03 |\n",
       "| x9 | -2.798345e+05 |  9.148873e-01 | -8.5535071681 |  1.867254e+01 |  6.922141e+00 |  2.0982880715 |  1.009583e+00 | -5.169591e-01 |  1.427330e+03 |  2.256353e+04 |\n",
       "\n"
      ],
      "text/plain": [
       "                 x1            x2            x3            x4           \n",
       "    1.561468e+07 -9.338662e+01 -8.2278239763 -8.221867e+02 -6.215337e+01\n",
       "x1 -9.338662e+01  1.127366e-02  0.0059456052 -3.578401e-04  1.590534e-02\n",
       "x2 -8.227824e+00  5.945605e-03  0.0904941245  5.762951e-02 -5.864187e-02\n",
       "x3 -8.221867e+02 -3.578401e-04  0.0576295051  2.703123e-01 -7.626069e-02\n",
       "x4 -6.215337e+01  1.590534e-02 -0.0586418715 -7.626069e-02  2.271176e-01\n",
       "x5  4.544962e+01 -1.048992e-02 -0.0141571671 -3.149810e-02 -4.347329e-03\n",
       "x6 -1.566992e+01 -1.504186e-04 -0.0004020444  2.135506e-03  9.052567e-04\n",
       "x7  1.632529e+01 -3.242408e-04 -0.0009863141 -2.862423e-03 -1.278552e-03\n",
       "x8 -1.206021e+05  3.537422e-01 -0.8554102536  4.111983e+00 -5.359676e-01\n",
       "x9 -2.798345e+05  9.148873e-01 -8.5535071681  1.867254e+01  6.922141e+00\n",
       "   x5            x6            x7            x8            x9           \n",
       "   45.4496244062 -1.566992e+01  1.632529e+01 -1.206021e+05 -2.798345e+05\n",
       "x1 -0.0104899235 -1.504186e-04 -3.242408e-04  3.537422e-01  9.148873e-01\n",
       "x2 -0.0141571671 -4.020444e-04 -9.863141e-04 -8.554103e-01 -8.553507e+00\n",
       "x3 -0.0314981025  2.135506e-03 -2.862423e-03  4.111983e+00  1.867254e+01\n",
       "x4 -0.0043473286  9.052567e-04 -1.278552e-03 -5.359676e-01  6.922141e+00\n",
       "x5  0.0458706788 -4.953977e-04 -1.229872e-04  2.492878e-01  2.098288e+00\n",
       "x6 -0.0004953977  1.802627e-04 -7.483498e-05  5.434752e-02  1.009583e+00\n",
       "x7 -0.0001229872 -7.483498e-05  1.144150e-04 -6.404693e-02 -5.169591e-01\n",
       "x8  0.2492877566  5.434752e-02 -6.404693e-02  1.022095e+03  1.427330e+03\n",
       "x9  2.0982880715  1.009583e+00 -5.169591e-01  1.427330e+03  2.256353e+04"
      ]
     },
     "metadata": {},
     "output_type": "display_data"
    }
   ],
   "source": [
    "X1<-as.matrix(data3.1[,1:9])  #将数据列表中自变量部分数据提取并转化成矩阵形式存储\n",
    "X<-cbind(1,X1)  #将元素全为1的列向量和X1合并生成矩阵X\n",
    "XX<-t(X)%*%X   #计算矩阵X'X\n",
    "sigma<-389.4  #残差的标准差为σ的估计值\n",
    "covBeta<-sigma^2*solve(XX)   #计算协方差，solve()计算矩阵的逆\n",
    "covBeta   #协方差阵"
   ]
  },
  {
   "cell_type": "code",
   "execution_count": 3,
   "id": "dc9ac17c-3fd4-428d-9656-7082553507f6",
   "metadata": {
    "tags": []
   },
   "outputs": [],
   "source": [
    "r<-matrix(nrow = 10,ncol = 10)  #建立10行10列矩阵，矩阵中元素为空"
   ]
  },
  {
   "cell_type": "code",
   "execution_count": 4,
   "id": "5ad59d0f-65e0-4ab9-b5da-44bba233c710",
   "metadata": {
    "tags": []
   },
   "outputs": [
    {
     "data": {
      "text/html": [
       "<table class=\"dataframe\">\n",
       "<caption>A matrix: 10 × 10 of type dbl</caption>\n",
       "<tbody>\n",
       "\t<tr><td> 1.000000000</td><td>-0.222579814</td><td>-0.006921629</td><td>-0.400194406</td><td>-0.03300448</td><td> 0.05370271</td><td>-0.29535699</td><td> 0.38623632</td><td>-0.95464666</td><td>-0.47144521</td></tr>\n",
       "\t<tr><td>-0.222579814</td><td> 1.000000000</td><td> 0.186145901</td><td>-0.006482219</td><td> 0.31432952</td><td>-0.46128819</td><td>-0.10551551</td><td>-0.28549194</td><td> 0.10420987</td><td> 0.05736297</td></tr>\n",
       "\t<tr><td>-0.006921629</td><td> 0.186145901</td><td> 1.000000000</td><td> 0.368469691</td><td>-0.40904612</td><td>-0.21973467</td><td>-0.09954304</td><td>-0.30652341</td><td>-0.08894441</td><td>-0.18929122</td></tr>\n",
       "\t<tr><td>-0.400194406</td><td>-0.006482219</td><td> 0.368469691</td><td> 1.000000000</td><td>-0.30778147</td><td>-0.28286804</td><td> 0.30592495</td><td>-0.51470630</td><td> 0.24738468</td><td> 0.23909309</td></tr>\n",
       "\t<tr><td>-0.033004475</td><td> 0.314329517</td><td>-0.409046115</td><td>-0.307781470</td><td> 1.00000000</td><td>-0.04259215</td><td> 0.14147947</td><td>-0.25081384</td><td>-0.03517771</td><td> 0.09669668</td></tr>\n",
       "\t<tr><td> 0.053702714</td><td>-0.461288194</td><td>-0.219734668</td><td>-0.282868039</td><td>-0.04259215</td><td> 1.00000000</td><td>-0.17227945</td><td>-0.05368476</td><td> 0.03640724</td><td> 0.06522198</td></tr>\n",
       "\t<tr><td>-0.295356986</td><td>-0.105515507</td><td>-0.099543035</td><td> 0.305924947</td><td> 0.14147947</td><td>-0.17227945</td><td> 1.00000000</td><td>-0.52108711</td><td> 0.12661385</td><td> 0.50059377</td></tr>\n",
       "\t<tr><td> 0.386236324</td><td>-0.285491939</td><td>-0.306523405</td><td>-0.514706299</td><td>-0.25081384</td><td>-0.05368476</td><td>-0.52108711</td><td> 1.00000000</td><td>-0.18728861</td><td>-0.32174461</td></tr>\n",
       "\t<tr><td>-0.954646664</td><td> 0.104209869</td><td>-0.088944414</td><td> 0.247384683</td><td>-0.03517771</td><td> 0.03640724</td><td> 0.12661385</td><td>-0.18728861</td><td> 1.00000000</td><td> 0.29721802</td></tr>\n",
       "\t<tr><td>-0.471445205</td><td> 0.057362973</td><td>-0.189291225</td><td> 0.239093090</td><td> 0.09669668</td><td> 0.06522198</td><td> 0.50059377</td><td>-0.32174461</td><td> 0.29721802</td><td> 1.00000000</td></tr>\n",
       "</tbody>\n",
       "</table>\n"
      ],
      "text/latex": [
       "A matrix: 10 × 10 of type dbl\n",
       "\\begin{tabular}{llllllllll}\n",
       "\t  1.000000000 & -0.222579814 & -0.006921629 & -0.400194406 & -0.03300448 &  0.05370271 & -0.29535699 &  0.38623632 & -0.95464666 & -0.47144521\\\\\n",
       "\t -0.222579814 &  1.000000000 &  0.186145901 & -0.006482219 &  0.31432952 & -0.46128819 & -0.10551551 & -0.28549194 &  0.10420987 &  0.05736297\\\\\n",
       "\t -0.006921629 &  0.186145901 &  1.000000000 &  0.368469691 & -0.40904612 & -0.21973467 & -0.09954304 & -0.30652341 & -0.08894441 & -0.18929122\\\\\n",
       "\t -0.400194406 & -0.006482219 &  0.368469691 &  1.000000000 & -0.30778147 & -0.28286804 &  0.30592495 & -0.51470630 &  0.24738468 &  0.23909309\\\\\n",
       "\t -0.033004475 &  0.314329517 & -0.409046115 & -0.307781470 &  1.00000000 & -0.04259215 &  0.14147947 & -0.25081384 & -0.03517771 &  0.09669668\\\\\n",
       "\t  0.053702714 & -0.461288194 & -0.219734668 & -0.282868039 & -0.04259215 &  1.00000000 & -0.17227945 & -0.05368476 &  0.03640724 &  0.06522198\\\\\n",
       "\t -0.295356986 & -0.105515507 & -0.099543035 &  0.305924947 &  0.14147947 & -0.17227945 &  1.00000000 & -0.52108711 &  0.12661385 &  0.50059377\\\\\n",
       "\t  0.386236324 & -0.285491939 & -0.306523405 & -0.514706299 & -0.25081384 & -0.05368476 & -0.52108711 &  1.00000000 & -0.18728861 & -0.32174461\\\\\n",
       "\t -0.954646664 &  0.104209869 & -0.088944414 &  0.247384683 & -0.03517771 &  0.03640724 &  0.12661385 & -0.18728861 &  1.00000000 &  0.29721802\\\\\n",
       "\t -0.471445205 &  0.057362973 & -0.189291225 &  0.239093090 &  0.09669668 &  0.06522198 &  0.50059377 & -0.32174461 &  0.29721802 &  1.00000000\\\\\n",
       "\\end{tabular}\n"
      ],
      "text/markdown": [
       "\n",
       "A matrix: 10 × 10 of type dbl\n",
       "\n",
       "|  1.000000000 | -0.222579814 | -0.006921629 | -0.400194406 | -0.03300448 |  0.05370271 | -0.29535699 |  0.38623632 | -0.95464666 | -0.47144521 |\n",
       "| -0.222579814 |  1.000000000 |  0.186145901 | -0.006482219 |  0.31432952 | -0.46128819 | -0.10551551 | -0.28549194 |  0.10420987 |  0.05736297 |\n",
       "| -0.006921629 |  0.186145901 |  1.000000000 |  0.368469691 | -0.40904612 | -0.21973467 | -0.09954304 | -0.30652341 | -0.08894441 | -0.18929122 |\n",
       "| -0.400194406 | -0.006482219 |  0.368469691 |  1.000000000 | -0.30778147 | -0.28286804 |  0.30592495 | -0.51470630 |  0.24738468 |  0.23909309 |\n",
       "| -0.033004475 |  0.314329517 | -0.409046115 | -0.307781470 |  1.00000000 | -0.04259215 |  0.14147947 | -0.25081384 | -0.03517771 |  0.09669668 |\n",
       "|  0.053702714 | -0.461288194 | -0.219734668 | -0.282868039 | -0.04259215 |  1.00000000 | -0.17227945 | -0.05368476 |  0.03640724 |  0.06522198 |\n",
       "| -0.295356986 | -0.105515507 | -0.099543035 |  0.305924947 |  0.14147947 | -0.17227945 |  1.00000000 | -0.52108711 |  0.12661385 |  0.50059377 |\n",
       "|  0.386236324 | -0.285491939 | -0.306523405 | -0.514706299 | -0.25081384 | -0.05368476 | -0.52108711 |  1.00000000 | -0.18728861 | -0.32174461 |\n",
       "| -0.954646664 |  0.104209869 | -0.088944414 |  0.247384683 | -0.03517771 |  0.03640724 |  0.12661385 | -0.18728861 |  1.00000000 |  0.29721802 |\n",
       "| -0.471445205 |  0.057362973 | -0.189291225 |  0.239093090 |  0.09669668 |  0.06522198 |  0.50059377 | -0.32174461 |  0.29721802 |  1.00000000 |\n",
       "\n"
      ],
      "text/plain": [
       "      [,1]         [,2]         [,3]         [,4]         [,5]       \n",
       " [1,]  1.000000000 -0.222579814 -0.006921629 -0.400194406 -0.03300448\n",
       " [2,] -0.222579814  1.000000000  0.186145901 -0.006482219  0.31432952\n",
       " [3,] -0.006921629  0.186145901  1.000000000  0.368469691 -0.40904612\n",
       " [4,] -0.400194406 -0.006482219  0.368469691  1.000000000 -0.30778147\n",
       " [5,] -0.033004475  0.314329517 -0.409046115 -0.307781470  1.00000000\n",
       " [6,]  0.053702714 -0.461288194 -0.219734668 -0.282868039 -0.04259215\n",
       " [7,] -0.295356986 -0.105515507 -0.099543035  0.305924947  0.14147947\n",
       " [8,]  0.386236324 -0.285491939 -0.306523405 -0.514706299 -0.25081384\n",
       " [9,] -0.954646664  0.104209869 -0.088944414  0.247384683 -0.03517771\n",
       "[10,] -0.471445205  0.057362973 -0.189291225  0.239093090  0.09669668\n",
       "      [,6]        [,7]        [,8]        [,9]        [,10]      \n",
       " [1,]  0.05370271 -0.29535699  0.38623632 -0.95464666 -0.47144521\n",
       " [2,] -0.46128819 -0.10551551 -0.28549194  0.10420987  0.05736297\n",
       " [3,] -0.21973467 -0.09954304 -0.30652341 -0.08894441 -0.18929122\n",
       " [4,] -0.28286804  0.30592495 -0.51470630  0.24738468  0.23909309\n",
       " [5,] -0.04259215  0.14147947 -0.25081384 -0.03517771  0.09669668\n",
       " [6,]  1.00000000 -0.17227945 -0.05368476  0.03640724  0.06522198\n",
       " [7,] -0.17227945  1.00000000 -0.52108711  0.12661385  0.50059377\n",
       " [8,] -0.05368476 -0.52108711  1.00000000 -0.18728861 -0.32174461\n",
       " [9,]  0.03640724  0.12661385 -0.18728861  1.00000000  0.29721802\n",
       "[10,]  0.06522198  0.50059377 -0.32174461  0.29721802  1.00000000"
      ]
     },
     "metadata": {},
     "output_type": "display_data"
    }
   ],
   "source": [
    "for (i in 1:10) {\n",
    "    for (j in 1:10) {\n",
    "        r[i,j] <- covBeta[i,j]/(sqrt(covBeta[i,i]) * sqrt(covBeta[j,j]))\n",
    "      }\n",
    "}  #计算相关阵中每个元素的值\n",
    "r  #相关系数阵"
   ]
  },
  {
   "cell_type": "markdown",
   "id": "e0293125-9dee-4827-8110-81825df043ed",
   "metadata": {},
   "source": [
    "```R\n",
    "install.packages(\"car\")     #安装car包\n",
    "```"
   ]
  },
  {
   "cell_type": "code",
   "execution_count": 5,
   "id": "73c6f604-97da-4082-93a0-5e22a27c3f63",
   "metadata": {
    "tags": []
   },
   "outputs": [
    {
     "name": "stderr",
     "output_type": "stream",
     "text": [
      "载入需要的程辑包：carData\n",
      "\n"
     ]
    }
   ],
   "source": [
    "library(car) #加载car包"
   ]
  },
  {
   "cell_type": "code",
   "execution_count": 6,
   "id": "30e050b5-c1c2-4f09-a136-cd1501ec0a9f",
   "metadata": {
    "tags": []
   },
   "outputs": [
    {
     "name": "stdout",
     "output_type": "stream",
     "text": [
      "Anova Table (Type III tests)\n",
      "\n",
      "Response: y\n",
      "              Sum Sq Df  F value    Pr(>F)    \n",
      "(Intercept)      998  1   0.0066 0.9360967    \n",
      "x1          23314547  1 153.7558 3.969e-11 ***\n",
      "x2           4561056  1  30.0795 1.927e-05 ***\n",
      "x3           2662593  1  17.5594 0.0004121 ***\n",
      "x4                21  1   0.0001 0.9907203    \n",
      "x5           9377500  1  61.8432 1.083e-07 ***\n",
      "x6             89586  1   0.5908 0.4506651    \n",
      "x7             17700  1   0.1167 0.7360055    \n",
      "x8             54295  1   0.3581 0.5559828    \n",
      "x9             17149  1   0.1131 0.7399858    \n",
      "Residuals    3184305 21                       \n",
      "---\n",
      "Signif. codes:  0 ‘***’ 0.001 ‘**’ 0.01 ‘*’ 0.05 ‘.’ 0.1 ‘ ’ 1\n"
     ]
    }
   ],
   "source": [
    "print(Anova(lm3.1,type = \"III\"))   #输出方差分析表"
   ]
  },
  {
   "cell_type": "code",
   "execution_count": 7,
   "id": "191aa941-4fe8-497d-af18-a3ec632bbdb2",
   "metadata": {
    "tags": []
   },
   "outputs": [
    {
     "data": {
      "text/plain": [
       "\n",
       "Call:\n",
       "lm(formula = y ~ x1 + x2 + x3 + x5 + x6 + x7 + x8 + x9, data = data3.1)\n",
       "\n",
       "Residuals:\n",
       "    Min      1Q  Median      3Q     Max \n",
       "-940.24 -195.32    2.18  238.78  475.79 \n",
       "\n",
       "Coefficients:\n",
       "              Estimate Std. Error t value Pr(>|t|)    \n",
       "(Intercept)  3.191e+02  3.859e+03   0.083 0.934838    \n",
       "x1           1.317e+00  9.848e-02  13.373 4.83e-12 ***\n",
       "x2           1.648e+00  2.682e-01   6.146 3.47e-06 ***\n",
       "x3           2.177e+00  4.833e-01   4.504 0.000176 ***\n",
       "x5           1.684e+00  2.091e-01   8.056 5.26e-08 ***\n",
       "x6           1.034e-02  1.299e-02   0.796 0.434286    \n",
       "x7           3.623e-03  1.012e-02   0.358 0.723667    \n",
       "x8          -1.914e+01  3.122e+01  -0.613 0.545988    \n",
       "x9           5.069e+01  1.461e+02   0.347 0.731890    \n",
       "---\n",
       "Signif. codes:  0 ‘***’ 0.001 ‘**’ 0.01 ‘*’ 0.05 ‘.’ 0.1 ‘ ’ 1\n",
       "\n",
       "Residual standard error: 380.4 on 22 degrees of freedom\n",
       "Multiple R-squared:  0.9923,\tAdjusted R-squared:  0.9894 \n",
       "F-statistic: 352.3 on 8 and 22 DF,  p-value: < 2.2e-16\n"
      ]
     },
     "metadata": {},
     "output_type": "display_data"
    }
   ],
   "source": [
    "lm3.1_drop4<-lm(y~x1+x2+x3+x5+x6+x7+x8+x9,data = data3.1)  #y对除x4外的变量作回归\n",
    "summary(lm3.1_drop4)"
   ]
  },
  {
   "cell_type": "code",
   "execution_count": 8,
   "id": "870f19f5-62fc-4c83-abc9-739bfd80d7f1",
   "metadata": {
    "tags": []
   },
   "outputs": [
    {
     "data": {
      "text/plain": [
       "\n",
       "Call:\n",
       "lm(formula = y ~ x1 + x2 + x3 + x5, data = data3.1)\n",
       "\n",
       "Residuals:\n",
       "    Min      1Q  Median      3Q     Max \n",
       "-943.18 -161.05   12.74  250.93  566.25 \n",
       "\n",
       "Coefficients:\n",
       "              Estimate Std. Error t value Pr(>|t|)    \n",
       "(Intercept) -1694.6269   562.9773  -3.010  0.00574 ** \n",
       "x1              1.3642     0.0861  15.844 7.11e-15 ***\n",
       "x2              1.7679     0.2010   8.796 2.86e-09 ***\n",
       "x3              2.2894     0.3485   6.569 5.76e-07 ***\n",
       "x5              1.7424     0.1912   9.111 1.42e-09 ***\n",
       "---\n",
       "Signif. codes:  0 ‘***’ 0.001 ‘**’ 0.01 ‘*’ 0.05 ‘.’ 0.1 ‘ ’ 1\n",
       "\n",
       "Residual standard error: 364 on 26 degrees of freedom\n",
       "Multiple R-squared:  0.9916,\tAdjusted R-squared:  0.9903 \n",
       "F-statistic: 769.2 on 4 and 26 DF,  p-value: < 2.2e-16\n"
      ]
     },
     "metadata": {},
     "output_type": "display_data"
    }
   ],
   "source": [
    "lm3.1_dupdate<-lm(y~x1+x2+x3+x5,data = data3.1)  #y对x1,x2,x3,x5的变量作回归\n",
    "summary(lm3.1_update)"
   ]
  },
  {
   "cell_type": "code",
   "execution_count": null,
   "id": "c9c57f3a-858d-4a9e-9941-106c2c4ffe6d",
   "metadata": {},
   "outputs": [],
   "source": []
  }
 ],
 "metadata": {
  "kernelspec": {
   "display_name": "R",
   "language": "R",
   "name": "ir"
  },
  "language_info": {
   "codemirror_mode": "r",
   "file_extension": ".r",
   "mimetype": "text/x-r-source",
   "name": "R",
   "pygments_lexer": "r",
   "version": "4.2.3"
  }
 },
 "nbformat": 4,
 "nbformat_minor": 5
}
